[1] 6958.714
[1] 17394.12
[1] 7.156656e-35
[1] 17394.12
[1] 24352.84
[1] 17394.12
[1] 7.156656e-35
[1] 7.156656e-35
[1] 24352.84
[1] 7.156656e-35
[1] 17394.12
[1] 7.156656e-35
[1] 17394.12
[1] 24352.84
[1] 24352.84
[1] 24352.84
[1] 17394.12
[1] 6958.714
[1] 17394.12
[1] 17394.12
[1] 24352.84
[1] 17394.12
[1] 17394.12
[1] 17394.12
[1] 7.156656e-35
[1] 7.156656e-35
[1] 7.156656e-35
[1] 7.156656e-35
[1] 17394.12
[1] 17394.12
[1] 24352.84
[1] 17394.12
[1] 6958.714
[1] 7.156656e-35
[1] 6958.714
[1] 24352.84
[1] 17394.12
[1] 17394.12
[1] 17394.12
[1] 17394.12
[1] 7.156656e-35
[1] 17394.12
[1] 17394.12
[1] 17394.12
[1] 17394.12
[1] 17394.12
[1] 17394.12
[1] 17394.12
[1] 17394.12
[1] 17394.12
[1] 17394.12
[1] 17394.12
[1] 17394.12
[1] 24352.84
[1] 24352.84
[1] 7.156656e-35
[1] 17394.12
[1] 24352.84
[1] 7.156656e-35
[1] 7.156656e-35
[1] 7.156656e-35
[1] 7.156656e-35
[1] 24352.84
[1] 24352.84
[1] 17394.12
[1] 17394.12
[1] 6958.714
[1] 7.156656e-35
[1] 17394.12
[1] 7.156656e-35
[1] 24352.84
[1] 17394.12
[1] 17394.12
[1] 7.156656e-35
[1] 17394.12
[1] 6958.71
[1] 7.156656e-35
[1] 17394.12
[1] 17394.12
[1] 17394.12
[1] 24352.84
[1] 17394.12
[1] 17394.12
[1] 17394.12
[1] 7.156656e-35
[1] 7.156656e-35
[1] 17394.12
[1] 17394.12
[1] 7.156656e-35
[1] 24352.84
[1] 17394.12
[1] 17394.12
[1] 6958.714
[1] 17394.12
[1] 7.156656e-35
[1] 24352.84
[1] 17394.12
[1] 6958.714
[1] 17394.12
[1] 7.156656e-35
[1] 17394.12
[1] 17394.12
[1] 17394.12
[1] 6958.714
[1] 17394.12
[1] 7.156656e-35
[1] 24352.84
[1] 6958.714
[1] 17394.12
[1] 7.156656e-35
[1] 17394.12
[1] 17394.12
[1] 24352.84
[1] 7.156656e-35
[1] 24352.84
[1] 7.156656e-35
[1] 24352.84
[1] 7.156656e-35
[1] 24352.84
[1] 6958.714
[1] 7.156656e-35
[1] 17394.12
[1] 17394.12
[1] 17394.12
[1] 7.156656e-35
[1] 7.156656e-35
[1] 7.156656e-35
[1] 17394.12
[1] 7.156656e-35
[1] 7.156656e-35
[1] 24352.84
[1] 17394.12
[1] 17394.12
[1] 17394.12
[1] 24352.84
[1] 7.156656e-35
[1] 24352.84
[1] 17394.12
[1] 17394.12
[1] 24352.84
[1] 17394.12
[1] 17394.12
[1] 24352.84
[1] 7.156656e-35
[1] 7.156656e-35
[1] 24352.84
[1] 17394.12
[1] 24352.84
[1] 17394.12
[1] 17394.12
[1] 24352.84
[1] 6958.714
[1] 6958.714
[1] 7.156656e-35
[1] 24352.84
[1] 17394.12
[1] 17394.12
[1] 7.156656e-35
[1] 17394.12
[1] 17394.12
[1] 17394.12
[1] 6958.714
[1] 24352.84
[1] 17394.12
[1] 6958.714
[1] 7.156656e-35
[1] 7.156656e-35
[1] 24352.84
[1] 17394.12
[1] 6958.714
[1] 7.156656e-35
[1] 7.156656e-35
[1] 7.156656e-35
[1] 24352.84
[1] 17394.12
[1] 17394.12
[1] 7.156656e-35
[1] 6958.714
[1] 17394.12
[1] 17394.12
[1] 24352.84
[1] 17394.12
[1] 17394.12
[1] 17394.12
[1] 24352.84
[1] 17394.12
[1] 17394.12
[1] 7.156656e-35
[1] 24352.84
[1] 17394.12
[1] 7.156656e-35
[1] 24352.84
