[1] 6
[1] 16
[1] 19
[1] 25
[1] 27
[1] 28
[1] 29
[1] 31
[1] 34
[1] 38
[1] 40
[1] 51
[1] 61
[1] 77
[1] 87
[1] 88
[1] 96
[1] 104
[1] 113
[1] 129
[1] 130
[1] 134
[1] 135
[1] 137
[1] 138
[1] 141
[1] 144
[1] 152
[1] 157
[1] 165
[1] 195
[1] 198
[1] 203
[1] 207
[1] 210
[1] 211
[1] 223
[1] 224
[1] 231
[1] 233
[1] 236
[1] 239
[1] 243
[1] 252
[1] 254
[1] 272
[1] 275
[1] 284
[1] 287
[1] 290
[1] 295
[1] 298
[1] 321
[1] 323
[1] 327
[1] 329
[1] 330
[1] 333
[1] 336
[1] 338
[1] 356
[1] 361
[1] 373
[1] 374
[1] 375
[1] 380
[1] 382
[1] 383
[1] 386
[1] 388
[1] 393
[1] 395
[1] 403
[1] 408
[1] 411
[1] 413
[1] 420
[1] 427
[1] 429
[1] 430
[1] 438
[1] 444
[1] 445
[1] 451
[1] 452
[1] 456
[1] 457
[1] 458
[1] 462
[1] 472
[1] 475
[1] 481
[1] 482
[1] 489
[1] 492
[1] 500
[1] 502
[1] 503
[1] 505
[1] 512
[1] 513
[1] 523
[1] 527
[1] 528
[1] 530
[1] 533
[1] 541
[1] 546
[1] 558
[1] 564
[1] 565
[1] 578
[1] 582
[1] 587
[1] 589
[1] 595
[1] 597
[1] 598
[1] 609
[1] 612
[1] 620
[1] 627
[1] 628
[1] 631
[1] 635
[1] 638
[1] 639
[1] 646
[1] 654
[1] 655
[1] 662
[1] 663
[1] 668
[1] 671
[1] 673
[1] 677
[1] 679
[1] 680
[1] 685
[1] 692
[1] 694
[1] 697
[1] 700
[1] 712
[1] 715
[1] 717
[1] 722
[1] 731
[1] 746
[1] 748
[1] 752
[1] 753
[1] 757
[1] 762
[1] 765
[1] 781
[1] 782
[1] 783
[1] 785
[1] 793
[1] 798
[1] 800
[1] 801
[1] 804
[1] 807
[1] 811
[1] 814
[1] 847
[1] 850
[1] 859
[1] 864
[1] 867
[1] 869
[1] 876
[1] 879
[1] 882
[1] 883
[1] 889
[1] 891
[1] 896
[1] 900
[1] 902
[1] 908
[1] 911
[1] 914
[1] 917
[1] 918
[1] 920
[1] 929
[1] 944
[1] 952
[1] 955
